PipeLength = 5;
CrossArea = 0.0502;
DH = 0.253 ;
minn = 0.1/5 ;
maxx = 0.4/5 ;
mass = 34715.8/5 ;